Mathematical Table
     x  |          x^2      sqrt(x)       log(x)
--------------------------------------------------
   1.00 |         1.00         1.00         0.00
   1.50 |         2.25         1.22         0.41
   2.00 |         4.00         1.41         0.69
   2.50 |         6.25         1.58         0.92
   3.00 |         9.00         1.73         1.10
   3.50 |        12.25         1.87         1.25
   4.00 |        16.00         2.00         1.39
   4.50 |        20.25         2.12         1.50
   5.00 |        25.00         2.24         1.61
   5.50 |        30.25         2.35         1.70
   6.00 |        36.00         2.45         1.79
   6.50 |        42.25         2.55         1.87
   7.00 |        49.00         2.65         1.95
   7.50 |        56.25         2.74         2.01
   8.00 |        64.00         2.83         2.08
   8.50 |        72.25         2.92         2.14
   9.00 |        81.00         3.00         2.20
   9.50 |        90.25         3.08         2.25
  10.00 |       100.00         3.16         2.30
-------------------------------------------------------